{
    "trj_id": [
        0,
        5,
        10,
        15,
        20
    ],
    "trj_est": [
        [
            [
                0.9965401962840029,
                0.06878156825149108,
                -0.04665547190958912,
                -0.6885000000000002
            ],
            [
                0.05857711122329179,
                -0.18302185863533119,
                0.9813621764172508,
                -3.1192
            ],
            [
                0.058960658332273465,
                -0.9806997986797664,
                -0.18641766450229602,
                1.4248000000000003
            ],
            [
                0.0,
                0.0,
                0.0,
                1.0
            ]
        ],
        [
            [
                0.9964925676113112,
                0.05719935104068348,
                -0.06105614164865678,
                -0.6612373548851205
            ],
            [
                0.07054040209500194,
                -0.1820103777466091,
                0.9807628097766732,
                -3.1128991178688996
            ],
            [
                0.0449857039265183,
                -0.9816305917349758,
                -0.18540751817294948,
                1.4245750932028913
            ],
            [
                0.0,
                0.0,
                0.0,
                1.0
            ]
        ],
        [
            [
                0.9976742885352342,
                0.05387453695265386,
                -0.04177212419462042,
                -0.6151709028795482
            ],
            [
                0.051342435080560564,
                -0.19068236528734644,
                0.9803076872415897,
                -3.1111358720402014
            ],
            [
                0.04484808040755488,
                -0.9801727985079739,
                -0.19300534653893325,
                1.4204937012558485
            ],
            [
                0.0,
                0.0,
                0.0,
                1.0
            ]
        ],
        [
            [
                0.999060162735028,
                0.042591303504952015,
                -0.00824698420692376,
                -0.5846171857813914
            ],
            [
                0.016682134765640292,
                -0.20166708139916018,
                0.9793123975428627,
                -3.098055919818048
            ],
            [
                0.040046429179760736,
                -0.9785289622172194,
                -0.20218750470503452,
                1.405212439499269
            ],
            [
                0.0,
                0.0,
                0.0,
                1.0
            ]
        ],
        [
            [
                0.9992579959819486,
                0.034863818503164924,
                0.016481989340189476,
                -0.55861968352086
            ],
            [
                -0.008750271364650545,
                -0.21124802447418017,
                0.9773941479961666,
                -3.0835684943855566
            ],
            [
                0.03755678348672903,
                -0.976812932519431,
                -0.2107853175003612,
                1.4037576978391633
            ],
            [
                0.0,
                0.0,
                0.0,
                1.0
            ]
        ]
    ],
    "trj_gt": [
        [
            [
                0.9965401962840029,
                0.06878156825149108,
                -0.04665547190958912,
                -0.6885000000000002
            ],
            [
                0.05857711122329179,
                -0.18302185863533119,
                0.9813621764172508,
                -3.1192
            ],
            [
                0.058960658332273465,
                -0.9806997986797664,
                -0.18641766450229602,
                1.4248000000000003
            ],
            [
                0.0,
                0.0,
                0.0,
                1.0
            ]
        ],
        [
            [
                0.995911648042828,
                0.06815413361296793,
                -0.05928746380209213,
                -0.66
            ],
            [
                0.07070950359617922,
                -0.1797284755381928,
                0.9811716675393247,
                -3.1136
            ],
            [
                0.056215259439057884,
                -0.9813524795669409,
                -0.18381282722926728,
                1.4237
            ],
            [
                0.0,
                0.0,
                0.0,
                1.0
            ]
        ],
        [
            [
                0.9973250938191125,
                0.06243146387894675,
                -0.03801275518336571,
                -0.6237000000000001
            ],
            [
                0.049207089953350144,
                -0.18891215908735917,
                0.980760347101816,
                -3.1074999999999995
            ],
            [
                0.0540492325294415,
                -0.9800074022510665,
                -0.19147890744438223,
                1.4199999999999997
            ],
            [
                0.0,
                0.0,
                0.0,
                1.0
            ]
        ],
        [
            [
                0.9988873874084225,
                0.04706163470374527,
                -0.0030314708290279714,
                -0.5899
            ],
            [
                0.012440469911577061,
                -0.20095428733781664,
                0.9795216225836616,
                -3.1017
            ],
            [
                0.04548870172641944,
                -0.9784695074142893,
                -0.20131617191791473,
                1.4128
            ],
            [
                0.0,
                0.0,
                0.0,
                1.0
            ]
        ],
        [
            [
                0.9990306880999452,
                0.03943681786567595,
                0.019555603574913653,
                -0.5574
            ],
            [
                -0.010812835850427836,
                -0.21078552695169175,
                0.9774725286209168,
                -3.0993000000000004
            ],
            [
                0.04267044428432138,
                -0.9767365043983595,
                -0.2101547861940134,
                1.4081999999999997
            ],
            [
                0.0,
                0.0,
                0.0,
                1.0
            ]
        ]
    ]
}