{
    "trj_id": [
        0,
        5,
        10,
        15,
        20
    ],
    "trj_est": [
        [
            [
                0.9965401962840029,
                0.06878156825149108,
                -0.04665547190958912,
                -0.6885000000000002
            ],
            [
                0.05857711122329179,
                -0.18302185863533119,
                0.9813621764172508,
                -3.1192
            ],
            [
                0.058960658332273465,
                -0.9806997986797664,
                -0.18641766450229602,
                1.4248000000000003
            ],
            [
                0.0,
                0.0,
                0.0,
                1.0
            ]
        ],
        [
            [
                0.9961329471908014,
                0.0597209113372834,
                -0.06442013805638899,
                -0.6549724736197267
            ],
            [
                0.07431786433012622,
                -0.18194202964094572,
                0.9804963699299658,
                -3.1111141722452897
            ],
            [
                0.04683543210949019,
                -0.9814936147116858,
                -0.18567702514910125,
                1.4241635139806048
            ],
            [
                0.0,
                0.0,
                0.0,
                1.0
            ]
        ],
        [
            [
                0.9969247306757472,
                0.06214010854206295,
                -0.04774485636040198,
                -0.6106695116407221
            ],
            [
                0.058762898997057195,
                -0.18969918794637602,
                0.9800831022700003,
                -3.1085787541165164
            ],
            [
                0.05184545978666008,
                -0.9798739462904054,
                -0.19276734357946354,
                1.4203316281357314
            ],
            [
                0.0,
                0.0,
                0.0,
                1.0
            ]
        ],
        [
            [
                0.9990302584825551,
                0.043101951036266385,
                -0.008914153124703844,
                -0.5818668968270413
            ],
            [
                0.017442596289191134,
                -0.20174605299642998,
                0.9792831342974222,
                -3.0984224596859877
            ],
            [
                0.040410810708372664,
                -0.9784897619955328,
                -0.2023016390548006,
                1.4058787490583415
            ],
            [
                0.0,
                0.0,
                0.0,
                1.0
            ]
        ],
        [
            [
                0.9992193036046518,
                0.03613381988239436,
                0.015944825886996944,
                -0.5572574472490528
            ],
            [
                -0.00795030125119933,
                -0.21141733654076605,
                0.9773646041496973,
                -3.0850981927404755
            ],
            [
                0.03868712180645773,
                -0.9767288834257645,
                -0.21096398176112782,
                1.404700081322843
            ],
            [
                0.0,
                0.0,
                0.0,
                1.0
            ]
        ]
    ],
    "trj_gt": [
        [
            [
                0.9965401962840029,
                0.06878156825149108,
                -0.04665547190958912,
                -0.6885000000000002
            ],
            [
                0.05857711122329179,
                -0.18302185863533119,
                0.9813621764172508,
                -3.1192
            ],
            [
                0.058960658332273465,
                -0.9806997986797664,
                -0.18641766450229602,
                1.4248000000000003
            ],
            [
                0.0,
                0.0,
                0.0,
                1.0
            ]
        ],
        [
            [
                0.995911648042828,
                0.06815413361296793,
                -0.05928746380209213,
                -0.66
            ],
            [
                0.07070950359617922,
                -0.1797284755381928,
                0.9811716675393247,
                -3.1136
            ],
            [
                0.056215259439057884,
                -0.9813524795669409,
                -0.18381282722926728,
                1.4237
            ],
            [
                0.0,
                0.0,
                0.0,
                1.0
            ]
        ],
        [
            [
                0.9973250938191125,
                0.06243146387894675,
                -0.03801275518336571,
                -0.6237000000000001
            ],
            [
                0.049207089953350144,
                -0.18891215908735917,
                0.980760347101816,
                -3.1074999999999995
            ],
            [
                0.0540492325294415,
                -0.9800074022510665,
                -0.19147890744438223,
                1.4199999999999997
            ],
            [
                0.0,
                0.0,
                0.0,
                1.0
            ]
        ],
        [
            [
                0.9988873874084225,
                0.04706163470374527,
                -0.0030314708290279714,
                -0.5899
            ],
            [
                0.012440469911577061,
                -0.20095428733781664,
                0.9795216225836616,
                -3.1017
            ],
            [
                0.04548870172641944,
                -0.9784695074142893,
                -0.20131617191791473,
                1.4128
            ],
            [
                0.0,
                0.0,
                0.0,
                1.0
            ]
        ],
        [
            [
                0.9990306880999452,
                0.03943681786567595,
                0.019555603574913653,
                -0.5574
            ],
            [
                -0.010812835850427836,
                -0.21078552695169175,
                0.9774725286209168,
                -3.0993000000000004
            ],
            [
                0.04267044428432138,
                -0.9767365043983595,
                -0.2101547861940134,
                1.4081999999999997
            ],
            [
                0.0,
                0.0,
                0.0,
                1.0
            ]
        ]
    ]
}