{
    "trj_id": [
        0,
        5,
        10,
        15,
        20,
        25,
        30,
        35,
        102,
        122
    ],
    "trj_est": [
        [
            [
                0.9965401962840029,
                0.06878156825149108,
                -0.04665547190958912,
                -0.6885000000000002
            ],
            [
                0.05857711122329179,
                -0.18302185863533119,
                0.9813621764172508,
                -3.1192
            ],
            [
                0.058960658332273465,
                -0.9806997986797664,
                -0.18641766450229602,
                1.4248000000000003
            ],
            [
                0.0,
                0.0,
                0.0,
                1.0
            ]
        ],
        [
            [
                0.9963018571168809,
                0.059453770603188974,
                -0.06204197642572941,
                -0.6564961609415624
            ],
            [
                0.07194698964702863,
                -0.18236099062074582,
                0.9805958310739464,
                -3.1104531574854715
            ],
            [
                0.046986130826827024,
                -0.9814340391006127,
                -0.18596410694492022,
                1.424531095451706
            ],
            [
                0.0,
                0.0,
                0.0,
                1.0
            ]
        ],
        [
            [
                0.9964476863377092,
                0.06326392132990666,
                -0.05560730504725783,
                -0.6098615973337658
            ],
            [
                0.06657010834733101,
                -0.1870237041732727,
                0.980097484354054,
                -3.1085178654311645
            ],
            [
                0.051605122113247255,
                -0.9803178707397061,
                -0.19057046170885622,
                1.4188413273167113
            ],
            [
                0.0,
                0.0,
                0.0,
                1.0
            ]
        ],
        [
            [
                0.9990076440190919,
                0.04363091872108488,
                -0.009193594383036473,
                -0.5815970889224579
            ],
            [
                0.01782921094253299,
                -0.20187093736207554,
                0.9792502923103206,
                -3.098987106361723
            ],
            [
                0.04086992243110562,
                -0.9784428674696463,
                -0.20244685291118344,
                1.4070350470229047
            ],
            [
                0.0,
                0.0,
                0.0,
                1.0
            ]
        ],
        [
            [
                0.9992492155884078,
                0.0361733404291493,
                0.013958529327061313,
                -0.555325837413033
            ],
            [
                -0.00601058728950049,
                -0.21111087502538375,
                0.9774450938153945,
                -3.0801771825819655
            ],
            [
                0.03830384800226663,
                -0.9767973919521561,
                -0.2107333146928271,
                1.404239573697695
            ],
            [
                0.0,
                0.0,
                0.0,
                1.0
            ]
        ],
        [
            [
                0.9970862225916313,
                0.05953773077810013,
                0.04770446668398641,
                -0.5174995514449332
            ],
            [
                -0.03431301421226102,
                -0.20850245376810392,
                0.9774196805409813,
                -3.0716469237488417
            ],
            [
                0.06813981028706677,
                -0.9762108992445694,
                -0.20584999698029827,
                1.4058929410340841
            ],
            [
                0.0,
                0.0,
                0.0,
                1.0
            ]
        ],
        [
            [
                0.9952367200670729,
                0.0619689850646881,
                0.07525436945108725,
                -0.4920153899945861
            ],
            [
                -0.06070094042786923,
                -0.21009427818108786,
                0.9757950909591101,
                -3.0829495399215294
            ],
            [
                0.07627847639997398,
                -0.9757194675954559,
                -0.20533042210560318,
                1.4050991408106792
            ],
            [
                0.0,
                0.0,
                0.0,
                1.0
            ]
        ],
        [
            [
                0.9937678099869298,
                0.041431981845120036,
                0.10348360224051022,
                -0.4568440882534604
            ],
            [
                -0.09404840034346812,
                -0.18667465589528556,
                0.9779107379307608,
                -3.0700350074981944
            ],
            [
                0.05983375881781622,
                -0.9815512025102471,
                -0.18161314500886552,
                1.412139867208118
            ],
            [
                0.0,
                0.0,
                0.0,
                1.0
            ]
        ],
        [
            [
                0.9962105702254554,
                0.009515979877034689,
                0.08649065988698111,
                -0.6092027511105403
            ],
            [
                -0.08441820844131243,
                -0.135026067708083,
                0.9872485757615077,
                -3.068560766834638
            ],
            [
                0.02107169065532093,
                -0.9908034963492451,
                -0.13370827374405267,
                1.4316867613333089
            ],
            [
                0.0,
                0.0,
                0.0,
                1.0
            ]
        ],
        [
            [
                0.9985336491204851,
                -0.05087223770881468,
                0.018850879062847218,
                -0.7674102228590228
            ],
            [
                -0.023231847613852483,
                -0.08702771224745263,
                0.9959426697524423,
                -3.102627431176742
            ],
            [
                -0.049027437387090395,
                -0.9949134658524071,
                -0.08807849174419789,
                1.4279413581998546
            ],
            [
                0.0,
                0.0,
                0.0,
                1.0
            ]
        ]
    ],
    "trj_gt": [
        [
            [
                0.9965401962840029,
                0.06878156825149108,
                -0.04665547190958912,
                -0.6885000000000002
            ],
            [
                0.05857711122329179,
                -0.18302185863533119,
                0.9813621764172508,
                -3.1192
            ],
            [
                0.058960658332273465,
                -0.9806997986797664,
                -0.18641766450229602,
                1.4248000000000003
            ],
            [
                0.0,
                0.0,
                0.0,
                1.0
            ]
        ],
        [
            [
                0.995911648042828,
                0.06815413361296793,
                -0.05928746380209213,
                -0.66
            ],
            [
                0.07070950359617922,
                -0.1797284755381928,
                0.9811716675393247,
                -3.1136
            ],
            [
                0.056215259439057884,
                -0.9813524795669409,
                -0.18381282722926728,
                1.4237
            ],
            [
                0.0,
                0.0,
                0.0,
                1.0
            ]
        ],
        [
            [
                0.9973250938191125,
                0.06243146387894675,
                -0.03801275518336571,
                -0.6237000000000001
            ],
            [
                0.049207089953350144,
                -0.18891215908735917,
                0.980760347101816,
                -3.1074999999999995
            ],
            [
                0.0540492325294415,
                -0.9800074022510665,
                -0.19147890744438223,
                1.4199999999999997
            ],
            [
                0.0,
                0.0,
                0.0,
                1.0
            ]
        ],
        [
            [
                0.9988873874084225,
                0.04706163470374527,
                -0.0030314708290279714,
                -0.5899
            ],
            [
                0.012440469911577061,
                -0.20095428733781664,
                0.9795216225836616,
                -3.1017
            ],
            [
                0.04548870172641944,
                -0.9784695074142893,
                -0.20131617191791473,
                1.4128
            ],
            [
                0.0,
                0.0,
                0.0,
                1.0
            ]
        ],
        [
            [
                0.9990306880999452,
                0.03943681786567595,
                0.019555603574913653,
                -0.5574
            ],
            [
                -0.010812835850427836,
                -0.21078552695169175,
                0.9774725286209168,
                -3.0993000000000004
            ],
            [
                0.04267044428432138,
                -0.9767365043983595,
                -0.2101547861940134,
                1.4081999999999997
            ],
            [
                0.0,
                0.0,
                0.0,
                1.0
            ]
        ],
        [
            [
                0.9959730034094519,
                0.07125138931052347,
                0.05441521846759531,
                -0.5212000000000002
            ],
            [
                -0.03831639291659277,
                -0.21043488400897867,
                0.9768567006608435,
                -3.0995000000000004
            ],
            [
                0.08105325726593089,
                -0.9750078969492747,
                -0.20685736721986694,
                1.4122000000000001
            ],
            [
                0.0,
                0.0,
                0.0,
                1.0
            ]
        ],
        [
            [
                0.9941679189964329,
                0.06785056971695926,
                0.08382391679816972,
                -0.49380000000000007
            ],
            [
                -0.06753964646470204,
                -0.21423528090103802,
                0.9744442726870923,
                -3.1005000000000007
            ],
            [
                0.08407463942072833,
                -0.9744226724611539,
                -0.20840323989788914,
                1.4163999999999999
            ],
            [
                0.0,
                0.0,
                0.0,
                1.0
            ]
        ],
        [
            [
                0.9928866513786326,
                0.051036690972286046,
                0.10757022677639705,
                -0.46030000000000004
            ],
            [
                -0.09622712223218274,
                -0.18808818834014007,
                0.9774268127864288,
                -3.1039
            ],
            [
                0.07011731926591797,
                -0.9808252084757629,
                -0.1818391375843989,
                1.423
            ],
            [
                0.0,
                0.0,
                0.0,
                1.0
            ]
        ],
        [
            [
                0.9961035142221731,
                0.013674870086724172,
                0.08712512199330472,
                -0.5984
            ],
            [
                -0.0845878912541969,
                -0.1313813304581439,
                0.9877164748348668,
                -3.1121000000000003
            ],
            [
                0.024953508919692446,
                -0.9912375819828256,
                -0.12971267654873067,
                1.4454
            ],
            [
                0.0,
                0.0,
                0.0,
                1.0
            ]
        ],
        [
            [
                0.9988076509457644,
                -0.04415635464466436,
                0.020820488867912195,
                -0.7646000000000001
            ],
            [
                -0.024382296170521157,
                -0.08172296978313719,
                0.996356793444636,
                -3.0984000000000003
            ],
            [
                -0.04229397174133941,
                -0.9956764396902834,
                -0.08270216079416373,
                1.4307
            ],
            [
                0.0,
                0.0,
                0.0,
                1.0
            ]
        ]
    ]
}