{
    "trj_id": [
        0,
        5,
        10,
        15,
        20,
        25,
        30,
        35,
        102,
        122,
        140,
        154,
        171,
        184,
        208
    ],
    "trj_est": [
        [
            [
                0.9965401962840029,
                0.06878156825149108,
                -0.04665547190958912,
                -0.6885000000000002
            ],
            [
                0.05857711122329179,
                -0.18302185863533119,
                0.9813621764172508,
                -3.1192
            ],
            [
                0.058960658332273465,
                -0.9806997986797664,
                -0.18641766450229602,
                1.4248000000000003
            ],
            [
                0.0,
                0.0,
                0.0,
                1.0
            ]
        ],
        [
            [
                0.9963018571168809,
                0.059453770603188974,
                -0.06204197642572941,
                -0.6564961609415624
            ],
            [
                0.07194698964702863,
                -0.18236099062074582,
                0.9805958310739464,
                -3.1104531574854715
            ],
            [
                0.046986130826827024,
                -0.9814340391006127,
                -0.18596410694492022,
                1.424531095451706
            ],
            [
                0.0,
                0.0,
                0.0,
                1.0
            ]
        ],
        [
            [
                0.9964476863377092,
                0.06326392132990666,
                -0.05560730504725783,
                -0.6098615973337658
            ],
            [
                0.06657010834733101,
                -0.1870237041732727,
                0.980097484354054,
                -3.1085178654311645
            ],
            [
                0.051605122113247255,
                -0.9803178707397061,
                -0.19057046170885622,
                1.4188413273167113
            ],
            [
                0.0,
                0.0,
                0.0,
                1.0
            ]
        ],
        [
            [
                0.9990076440190919,
                0.04363091872108488,
                -0.009193594383036473,
                -0.5815970889224579
            ],
            [
                0.01782921094253299,
                -0.20187093736207554,
                0.9792502923103206,
                -3.098987106361723
            ],
            [
                0.04086992243110562,
                -0.9784428674696463,
                -0.20244685291118344,
                1.4070350470229047
            ],
            [
                0.0,
                0.0,
                0.0,
                1.0
            ]
        ],
        [
            [
                0.9992492155884078,
                0.0361733404291493,
                0.013958529327061313,
                -0.555325837413033
            ],
            [
                -0.00601058728950049,
                -0.21111087502538375,
                0.9774450938153945,
                -3.0801771825819655
            ],
            [
                0.03830384800226663,
                -0.9767973919521561,
                -0.2107333146928271,
                1.404239573697695
            ],
            [
                0.0,
                0.0,
                0.0,
                1.0
            ]
        ],
        [
            [
                0.9970862225916313,
                0.05953773077810013,
                0.04770446668398641,
                -0.5174995514449332
            ],
            [
                -0.03431301421226102,
                -0.20850245376810392,
                0.9774196805409813,
                -3.0716469237488417
            ],
            [
                0.06813981028706677,
                -0.9762108992445694,
                -0.20584999698029827,
                1.4058929410340841
            ],
            [
                0.0,
                0.0,
                0.0,
                1.0
            ]
        ],
        [
            [
                0.9952274278779353,
                0.06201358647638218,
                0.07533929127342705,
                -0.4920527067145537
            ],
            [
                -0.06077026997043352,
                -0.21015510750666155,
                0.9757775241759143,
                -3.0830720424218385
            ],
            [
                0.07634334447938228,
                -0.9757030707337635,
                -0.20538201207835383,
                1.4050691665602348
            ],
            [
                0.0,
                0.0,
                0.0,
                1.0
            ]
        ],
        [
            [
                0.9943801639418209,
                0.04379488180177785,
                0.09638385719075834,
                -0.4578813522276266
            ],
            [
                -0.08670442674815597,
                -0.185494822203103,
                0.9788131502539137,
                -3.0652077861951676
            ],
            [
                0.06074500320632039,
                -0.9816724015592688,
                -0.18065378478136898,
                1.4099803764344119
            ],
            [
                0.0,
                0.0,
                0.0,
                1.0
            ]
        ],
        [
            [
                0.9962134139239576,
                0.0072785213530064015,
                0.0866729877505685,
                -0.6100387404006586
            ],
            [
                -0.08489704848094187,
                -0.13510396946574582,
                0.9871966880784236,
                -3.070703000003814
            ],
            [
                0.018893952853090347,
                -0.9908108621542719,
                -0.1339716781661106,
                1.4326166315809392
            ],
            [
                0.0,
                0.0,
                0.0,
                1.0
            ]
        ],
        [
            [
                0.9983265464229588,
                -0.055065475671792694,
                0.01795264185408558,
                -0.7693881950332508
            ],
            [
                -0.022666371907934347,
                -0.08627242022416434,
                0.9960198803382777,
                -3.1075030859587867
            ],
            [
                -0.05329974761944993,
                -0.9947540022443886,
                -0.08737240520271555,
                1.4279980386569233
            ],
            [
                0.0,
                0.0,
                0.0,
                1.0
            ]
        ],
        [
            [
                0.998054587803239,
                -0.01701882353305896,
                -0.060086005903474966,
                -0.9094547832395563
            ],
            [
                0.058951788756813193,
                -0.0609477412778323,
                0.9964052459735424,
                -3.080642662933655
            ],
            [
                -0.02062119286334146,
                -0.9980011924055193,
                -0.059822493518780856,
                1.4339468573456724
            ],
            [
                0.0,
                0.0,
                0.0,
                1.0
            ]
        ],
        [
            [
                0.9920983930070812,
                0.002786444234907775,
                -0.12550058386610452,
                -1.0677943816987425
            ],
            [
                0.12551852538738484,
                -0.03813660554851848,
                0.9913645471240904,
                -3.057563127825518
            ],
            [
                -0.002025385337908859,
                -0.9992740888697182,
                -0.038181501002307036,
                1.4152851191697335
            ],
            [
                0.0,
                0.0,
                0.0,
                1.0
            ]
        ],
        [
            [
                0.9810862813628656,
                -0.050276377881198236,
                -0.1869942568154671,
                -1.1842679610630962
            ],
            [
                0.185638700335289,
                -0.0305097838608017,
                0.9821542036440625,
                -3.156188491114288
            ],
            [
                -0.05508485564517435,
                -0.9982727034891069,
                -0.020596410661238098,
                1.4137633122744577
            ],
            [
                0.0,
                0.0,
                0.0,
                1.0
            ]
        ],
        [
            [
                0.9683661975281244,
                -0.06185292248982534,
                -0.24179344551077483,
                -1.28138928935186
            ],
            [
                0.23703086607421422,
                -0.07543720993922384,
                0.9685776128057857,
                -3.0881039458225557
            ],
            [
                -0.07815007122678438,
                -0.995233177116508,
                -0.058385907655466834,
                1.406670832779217
            ],
            [
                0.0,
                0.0,
                0.0,
                1.0
            ]
        ],
        [
            [
                0.989186438963509,
                -0.014679300051800704,
                -0.14602810671288644,
                -1.0909891275967056
            ],
            [
                0.14644979244121586,
                0.03324281321712404,
                0.9886693624500194,
                -3.087128682916376
            ],
            [
                -0.009661571916566343,
                -0.9993411501912045,
                0.035033668932386186,
                1.431838449740313
            ],
            [
                0.0,
                0.0,
                0.0,
                1.0
            ]
        ]
    ],
    "trj_gt": [
        [
            [
                0.9965401962840029,
                0.06878156825149108,
                -0.04665547190958912,
                -0.6885000000000002
            ],
            [
                0.05857711122329179,
                -0.18302185863533119,
                0.9813621764172508,
                -3.1192
            ],
            [
                0.058960658332273465,
                -0.9806997986797664,
                -0.18641766450229602,
                1.4248000000000003
            ],
            [
                0.0,
                0.0,
                0.0,
                1.0
            ]
        ],
        [
            [
                0.995911648042828,
                0.06815413361296793,
                -0.05928746380209213,
                -0.66
            ],
            [
                0.07070950359617922,
                -0.1797284755381928,
                0.9811716675393247,
                -3.1136
            ],
            [
                0.056215259439057884,
                -0.9813524795669409,
                -0.18381282722926728,
                1.4237
            ],
            [
                0.0,
                0.0,
                0.0,
                1.0
            ]
        ],
        [
            [
                0.9973250938191125,
                0.06243146387894675,
                -0.03801275518336571,
                -0.6237000000000001
            ],
            [
                0.049207089953350144,
                -0.18891215908735917,
                0.980760347101816,
                -3.1074999999999995
            ],
            [
                0.0540492325294415,
                -0.9800074022510665,
                -0.19147890744438223,
                1.4199999999999997
            ],
            [
                0.0,
                0.0,
                0.0,
                1.0
            ]
        ],
        [
            [
                0.9988873874084225,
                0.04706163470374527,
                -0.0030314708290279714,
                -0.5899
            ],
            [
                0.012440469911577061,
                -0.20095428733781664,
                0.9795216225836616,
                -3.1017
            ],
            [
                0.04548870172641944,
                -0.9784695074142893,
                -0.20131617191791473,
                1.4128
            ],
            [
                0.0,
                0.0,
                0.0,
                1.0
            ]
        ],
        [
            [
                0.9990306880999452,
                0.03943681786567595,
                0.019555603574913653,
                -0.5574
            ],
            [
                -0.010812835850427836,
                -0.21078552695169175,
                0.9774725286209168,
                -3.0993000000000004
            ],
            [
                0.04267044428432138,
                -0.9767365043983595,
                -0.2101547861940134,
                1.4081999999999997
            ],
            [
                0.0,
                0.0,
                0.0,
                1.0
            ]
        ],
        [
            [
                0.9959730034094519,
                0.07125138931052347,
                0.05441521846759531,
                -0.5212000000000002
            ],
            [
                -0.03831639291659277,
                -0.21043488400897867,
                0.9768567006608435,
                -3.0995000000000004
            ],
            [
                0.08105325726593089,
                -0.9750078969492747,
                -0.20685736721986694,
                1.4122000000000001
            ],
            [
                0.0,
                0.0,
                0.0,
                1.0
            ]
        ],
        [
            [
                0.9941679189964329,
                0.06785056971695926,
                0.08382391679816972,
                -0.49380000000000007
            ],
            [
                -0.06753964646470204,
                -0.21423528090103802,
                0.9744442726870923,
                -3.1005000000000007
            ],
            [
                0.08407463942072833,
                -0.9744226724611539,
                -0.20840323989788914,
                1.4163999999999999
            ],
            [
                0.0,
                0.0,
                0.0,
                1.0
            ]
        ],
        [
            [
                0.9928866513786326,
                0.051036690972286046,
                0.10757022677639705,
                -0.46030000000000004
            ],
            [
                -0.09622712223218274,
                -0.18808818834014007,
                0.9774268127864288,
                -3.1039
            ],
            [
                0.07011731926591797,
                -0.9808252084757629,
                -0.1818391375843989,
                1.423
            ],
            [
                0.0,
                0.0,
                0.0,
                1.0
            ]
        ],
        [
            [
                0.9961035142221731,
                0.013674870086724172,
                0.08712512199330472,
                -0.5984
            ],
            [
                -0.0845878912541969,
                -0.1313813304581439,
                0.9877164748348668,
                -3.1121000000000003
            ],
            [
                0.024953508919692446,
                -0.9912375819828256,
                -0.12971267654873067,
                1.4454
            ],
            [
                0.0,
                0.0,
                0.0,
                1.0
            ]
        ],
        [
            [
                0.9988076509457644,
                -0.04415635464466436,
                0.020820488867912195,
                -0.7646000000000001
            ],
            [
                -0.024382296170521157,
                -0.08172296978313719,
                0.996356793444636,
                -3.0984000000000003
            ],
            [
                -0.04229397174133941,
                -0.9956764396902834,
                -0.08270216079416373,
                1.4307
            ],
            [
                0.0,
                0.0,
                0.0,
                1.0
            ]
        ],
        [
            [
                0.9962941160582508,
                -0.00822679995323645,
                -0.08561748694185205,
                -0.9200000000000002
            ],
            [
                0.08498669307947632,
                -0.05906891525945413,
                0.9946296422535804,
                -3.0963
            ],
            [
                -0.013239951175275053,
                -0.9982200073193285,
                -0.0581508441922856,
                1.4289
            ],
            [
                0.0,
                0.0,
                0.0,
                1.0
            ]
        ],
        [
            [
                0.9864194935690761,
                0.007606461863946035,
                -0.16406926721613657,
                -1.0438
            ],
            [
                0.16424161003872748,
                -0.038810741733371845,
                0.985656339632629,
                -3.1099
            ],
            [
                0.001129707402063211,
                -0.9992176279790195,
                -0.03953296974890553,
                1.4264
            ],
            [
                0.0,
                0.0,
                0.0,
                1.0
            ]
        ],
        [
            [
                0.9751096120269768,
                -0.03805945185536166,
                -0.218432421258998,
                -1.1825
            ],
            [
                0.21719757025965175,
                -0.03406760699216893,
                0.975532989512467,
                -3.1208
            ],
            [
                -0.04456972072946615,
                -0.9986945860864055,
                -0.02495323056842262,
                1.4145000000000003
            ],
            [
                0.0,
                0.0,
                0.0,
                1.0
            ]
        ],
        [
            [
                0.9576609364223606,
                -0.04875269757443907,
                -0.2837405598955893,
                -1.2654
            ],
            [
                0.27944497898060494,
                -0.07966551951790277,
                0.956851037895906,
                -3.1174
            ],
            [
                -0.06925340838670987,
                -0.9956287357640692,
                -0.06266885947315173,
                1.4107999999999998
            ],
            [
                0.0,
                0.0,
                0.0,
                1.0
            ]
        ],
        [
            [
                0.9843735985972116,
                -0.0011222972279258403,
                -0.17608906506000935,
                -1.0221
            ],
            [
                0.17603506519338902,
                0.03184117135230655,
                0.9838687898440892,
                -3.1006000000000005
            ],
            [
                0.004502688878358488,
                -0.9994923112539915,
                0.03154117209330472,
                1.4302999999999997
            ],
            [
                0.0,
                0.0,
                0.0,
                1.0
            ]
        ]
    ]
}