{
    "trj_id": [
        0,
        5,
        10,
        15,
        20
    ],
    "trj_est": [
        [
            [
                0.9965401962840029,
                0.06878156825149108,
                -0.046655471909589116,
                -0.6885000000000001
            ],
            [
                0.058577111223291796,
                -0.1830218586353312,
                0.9813621764172508,
                -3.1192
            ],
            [
                0.05896065833227346,
                -0.9806997986797664,
                -0.18641766450229605,
                1.4248
            ],
            [
                0.0,
                0.0,
                0.0,
                1.0
            ]
        ],
        [
            [
                0.9963345092145308,
                0.05904944575668325,
                -0.061868446748456055,
                -0.6615274693617171
            ],
            [
                0.07173503714956332,
                -0.18308375224290455,
                0.9804761520630897,
                -3.1095192537755265
            ],
            [
                0.0465693948999414,
                -0.9813233160075312,
                -0.186648541978216,
                1.426988567669482
            ],
            [
                0.0,
                0.0,
                0.0,
                1.0
            ]
        ],
        [
            [
                0.9969214438798705,
                0.05815352330774586,
                -0.05255041038380943,
                -0.6077883920317749
            ],
            [
                0.0627260509454475,
                -0.18990281681112314,
                0.9797973640562426,
                -3.1037014368201055
            ],
            [
                0.046999151610436656,
                -0.9800789979191508,
                -0.19296600601502464,
                1.4186339111408368
            ],
            [
                0.0,
                0.0,
                0.0,
                1.0
            ]
        ],
        [
            [
                0.9990162052442816,
                0.04386762576058962,
                -0.006326328771793037,
                -0.5856048449737495
            ],
            [
                0.015114306936877618,
                -0.20299404865044127,
                0.9790638197246818,
                -3.1027332697952485
            ],
            [
                0.04166489076501823,
                -0.9781977956701916,
                -0.2034567982019941,
                1.4106401423636894
            ],
            [
                0.0,
                0.0,
                0.0,
                1.0
            ]
        ],
        [
            [
                0.9991894459325643,
                0.03675125625892744,
                0.016303936187822353,
                -0.5554721297571046
            ],
            [
                -0.00813074681126904,
                -0.21241844295384302,
                0.9771447854981582,
                -3.090625701834411
            ],
            [
                0.039374519352362684,
                -0.9764882645143855,
                -0.21194664172845412,
                1.409120057162839
            ],
            [
                0.0,
                0.0,
                0.0,
                1.0
            ]
        ]
    ],
    "trj_gt": [
        [
            [
                0.9965401962840029,
                0.06878156825149108,
                -0.046655471909589116,
                -0.6885000000000001
            ],
            [
                0.058577111223291796,
                -0.1830218586353312,
                0.9813621764172508,
                -3.1192
            ],
            [
                0.05896065833227346,
                -0.9806997986797664,
                -0.18641766450229605,
                1.4248
            ],
            [
                0.0,
                0.0,
                0.0,
                1.0
            ]
        ],
        [
            [
                0.9959116480428278,
                0.06815413361296793,
                -0.05928746380209212,
                -0.66
            ],
            [
                0.07070950359617921,
                -0.1797284755381928,
                0.9811716675393247,
                -3.1136
            ],
            [
                0.05621525943905788,
                -0.9813524795669409,
                -0.1838128272292673,
                1.4237
            ],
            [
                0.0,
                0.0,
                0.0,
                1.0
            ]
        ],
        [
            [
                0.9973250938191124,
                0.06243146387894676,
                -0.03801275518336571,
                -0.6237000000000001
            ],
            [
                0.04920708995335015,
                -0.18891215908735925,
                0.9807603471018161,
                -3.1074999999999995
            ],
            [
                0.054049232529441514,
                -0.9800074022510668,
                -0.1914789074443823,
                1.42
            ],
            [
                0.0,
                0.0,
                0.0,
                1.0
            ]
        ],
        [
            [
                0.9988873874084225,
                0.04706163470374527,
                -0.0030314708290279753,
                -0.5899
            ],
            [
                0.012440469911577061,
                -0.20095428733781662,
                0.9795216225836617,
                -3.1017
            ],
            [
                0.045488701726419424,
                -0.9784695074142891,
                -0.20131617191791468,
                1.4127999999999998
            ],
            [
                0.0,
                0.0,
                0.0,
                1.0
            ]
        ],
        [
            [
                0.9990306880999453,
                0.03943681786567594,
                0.01955560357491365,
                -0.5574
            ],
            [
                -0.010812835850427836,
                -0.21078552695169175,
                0.9774725286209168,
                -3.0993000000000004
            ],
            [
                0.04267044428432138,
                -0.9767365043983595,
                -0.2101547861940134,
                1.4082
            ],
            [
                0.0,
                0.0,
                0.0,
                1.0
            ]
        ]
    ]
}