{
    "trj_id": [
        0,
        5,
        10,
        15,
        20
    ],
    "trj_est": [
        [
            [
                0.9965401962840029,
                0.06878156825149108,
                -0.04665547190958912,
                -0.6885000000000002
            ],
            [
                0.05857711122329179,
                -0.18302185863533119,
                0.9813621764172508,
                -3.1192
            ],
            [
                0.058960658332273465,
                -0.9806997986797664,
                -0.18641766450229602,
                1.4248000000000003
            ],
            [
                0.0,
                0.0,
                0.0,
                1.0
            ]
        ],
        [
            [
                0.9962602750696852,
                0.06008013227206413,
                -0.06208606533353872,
                -0.6556595581999899
            ],
            [
                0.07211857741394283,
                -0.18260472102875783,
                0.9805370605505666,
                -3.1114545957346573
            ],
            [
                0.04757361668167701,
                -0.9813496407893989,
                -0.18625476755817863,
                1.4256868386299597
            ],
            [
                0.0,
                0.0,
                0.0,
                1.0
            ]
        ],
        [
            [
                0.996585899616382,
                0.05846697689974672,
                -0.058279971414764695,
                -0.6042445891735824
            ],
            [
                0.06840986379327185,
                -0.18974264635031782,
                0.97944669210288,
                -3.1058236121503335
            ],
            [
                0.04620748803200376,
                -0.9800938216478439,
                -0.19309444810425236,
                1.4180494804425823
            ],
            [
                0.0,
                0.0,
                0.0,
                1.0
            ]
        ],
        [
            [
                0.9990266683466363,
                0.04305830510205004,
                -0.009522422297029355,
                -0.582792134657846
            ],
            [
                0.01805696012401043,
                -0.20240175375352545,
                0.9791353075797042,
                -3.099564410397875
            ],
            [
                0.040232944097374594,
                -0.9783576975218204,
                -0.2029813870948858,
                1.4074098784833622
            ],
            [
                0.0,
                0.0,
                0.0,
                1.0
            ]
        ],
        [
            [
                0.9992359267555784,
                0.03579893669695444,
                0.015676149343556187,
                -0.5580314241077583
            ],
            [
                -0.007744185603646507,
                -0.21177491126589326,
                0.9772872543429254,
                -3.08383920780197
            ],
            [
                0.03830632583457188,
                -0.9766654443312068,
                -0.21133495571487804,
                1.4046272619065603
            ],
            [
                0.0,
                0.0,
                0.0,
                1.0
            ]
        ]
    ],
    "trj_gt": [
        [
            [
                0.9965401962840029,
                0.06878156825149108,
                -0.04665547190958912,
                -0.6885000000000002
            ],
            [
                0.05857711122329179,
                -0.18302185863533119,
                0.9813621764172508,
                -3.1192
            ],
            [
                0.058960658332273465,
                -0.9806997986797664,
                -0.18641766450229602,
                1.4248000000000003
            ],
            [
                0.0,
                0.0,
                0.0,
                1.0
            ]
        ],
        [
            [
                0.995911648042828,
                0.06815413361296793,
                -0.05928746380209213,
                -0.66
            ],
            [
                0.07070950359617922,
                -0.1797284755381928,
                0.9811716675393247,
                -3.1136
            ],
            [
                0.056215259439057884,
                -0.9813524795669409,
                -0.18381282722926728,
                1.4237
            ],
            [
                0.0,
                0.0,
                0.0,
                1.0
            ]
        ],
        [
            [
                0.9973250938191125,
                0.06243146387894675,
                -0.03801275518336571,
                -0.6237000000000001
            ],
            [
                0.049207089953350144,
                -0.18891215908735917,
                0.980760347101816,
                -3.1074999999999995
            ],
            [
                0.0540492325294415,
                -0.9800074022510665,
                -0.19147890744438223,
                1.4199999999999997
            ],
            [
                0.0,
                0.0,
                0.0,
                1.0
            ]
        ],
        [
            [
                0.9988873874084225,
                0.04706163470374527,
                -0.0030314708290279714,
                -0.5899
            ],
            [
                0.012440469911577061,
                -0.20095428733781664,
                0.9795216225836616,
                -3.1017
            ],
            [
                0.04548870172641944,
                -0.9784695074142893,
                -0.20131617191791473,
                1.4128
            ],
            [
                0.0,
                0.0,
                0.0,
                1.0
            ]
        ],
        [
            [
                0.9990306880999452,
                0.03943681786567595,
                0.019555603574913653,
                -0.5574
            ],
            [
                -0.010812835850427836,
                -0.21078552695169175,
                0.9774725286209168,
                -3.0993000000000004
            ],
            [
                0.04267044428432138,
                -0.9767365043983595,
                -0.2101547861940134,
                1.4081999999999997
            ],
            [
                0.0,
                0.0,
                0.0,
                1.0
            ]
        ]
    ]
}