{
    "trj_id": [
        0,
        5,
        10,
        15,
        20
    ],
    "trj_est": [
        [
            [
                0.9965401962840029,
                0.06878156825149108,
                -0.04665547190958912,
                -0.6885000000000002
            ],
            [
                0.05857711122329179,
                -0.18302185863533119,
                0.9813621764172508,
                -3.1192
            ],
            [
                0.058960658332273465,
                -0.9806997986797664,
                -0.18641766450229602,
                1.4248000000000003
            ],
            [
                0.0,
                0.0,
                0.0,
                1.0
            ]
        ],
        [
            [
                0.9964284483536158,
                0.05902473607269825,
                -0.060395663118092455,
                -0.659651675006963
            ],
            [
                0.07037445304457463,
                -0.1850438285123964,
                0.9802072023116023,
                -3.1078870722593166
            ],
            [
                0.04668094088707407,
                -0.9809557458831274,
                -0.18853713819978576,
                1.4298045680121658
            ],
            [
                0.0,
                0.0,
                0.0,
                1.0
            ]
        ],
        [
            [
                0.9976119308635979,
                0.056218564766026595,
                -0.04014076960870282,
                -0.6195774823389028
            ],
            [
                0.0502083802406472,
                -0.1909937873365682,
                0.9803064116024663,
                -3.1096680057843393
            ],
            [
                0.04744492487793237,
                -0.9799793682587454,
                -0.19336011835752637,
                1.4203217642585535
            ],
            [
                0.0,
                0.0,
                0.0,
                1.0
            ]
        ],
        [
            [
                0.9990291898828714,
                0.04352864606750588,
                -0.006962694800841757,
                -0.5860451683921124
            ],
            [
                0.015667454930638744,
                -0.20296705894619904,
                0.9790602924581242,
                -3.098565278496314
            ],
            [
                0.04120360362570378,
                -0.9782189706865084,
                -0.20345127677929797,
                1.4087072135765333
            ],
            [
                0.0,
                0.0,
                0.0,
                1.0
            ]
        ],
        [
            [
                0.9991779810251419,
                0.036313567538773066,
                0.01808548954175201,
                -0.5613858879756664
            ],
            [
                -0.009966249709745313,
                -0.2124123529545124,
                0.9771307232871161,
                -3.0850907062732515
            ],
            [
                0.03932417352803028,
                -0.9765078297709897,
                -0.21187454796819707,
                1.4068463266440077
            ],
            [
                0.0,
                0.0,
                0.0,
                1.0
            ]
        ]
    ],
    "trj_gt": [
        [
            [
                0.9965401962840029,
                0.06878156825149108,
                -0.04665547190958912,
                -0.6885000000000002
            ],
            [
                0.05857711122329179,
                -0.18302185863533119,
                0.9813621764172508,
                -3.1192
            ],
            [
                0.058960658332273465,
                -0.9806997986797664,
                -0.18641766450229602,
                1.4248000000000003
            ],
            [
                0.0,
                0.0,
                0.0,
                1.0
            ]
        ],
        [
            [
                0.995911648042828,
                0.06815413361296793,
                -0.05928746380209213,
                -0.66
            ],
            [
                0.07070950359617922,
                -0.1797284755381928,
                0.9811716675393247,
                -3.1136
            ],
            [
                0.056215259439057884,
                -0.9813524795669409,
                -0.18381282722926728,
                1.4237
            ],
            [
                0.0,
                0.0,
                0.0,
                1.0
            ]
        ],
        [
            [
                0.9973250938191125,
                0.06243146387894675,
                -0.03801275518336571,
                -0.6237000000000001
            ],
            [
                0.049207089953350144,
                -0.18891215908735917,
                0.980760347101816,
                -3.1074999999999995
            ],
            [
                0.0540492325294415,
                -0.9800074022510665,
                -0.19147890744438223,
                1.4199999999999997
            ],
            [
                0.0,
                0.0,
                0.0,
                1.0
            ]
        ],
        [
            [
                0.9988873874084225,
                0.04706163470374527,
                -0.0030314708290279714,
                -0.5899
            ],
            [
                0.012440469911577061,
                -0.20095428733781664,
                0.9795216225836616,
                -3.1017
            ],
            [
                0.04548870172641944,
                -0.9784695074142893,
                -0.20131617191791473,
                1.4128
            ],
            [
                0.0,
                0.0,
                0.0,
                1.0
            ]
        ],
        [
            [
                0.9990306880999452,
                0.03943681786567595,
                0.019555603574913653,
                -0.5574
            ],
            [
                -0.010812835850427836,
                -0.21078552695169175,
                0.9774725286209168,
                -3.0993000000000004
            ],
            [
                0.04267044428432138,
                -0.9767365043983595,
                -0.2101547861940134,
                1.4081999999999997
            ],
            [
                0.0,
                0.0,
                0.0,
                1.0
            ]
        ]
    ]
}